<< Posortowana tablica | ilosc : 20
-90 -86 -75 -73 -69 -66 -52 -43 -30 -25 -9 -4 -4 8 9 14 30 79 85 87 
<< Posortowana tablica | ilosc : 20
-90 -79 -78 -63 -60 -58 -45 -22 -15 -13 -10 7 17 26 45 61 73 80 88 95 
<< Posortowana tablica | ilosc : 20
-84 -80 -71 -60 -35 -30 -27 -23 -9 -8 4 14 16 47 66 72 85 93 94 97 
<< Posortowana tablica | ilosc : 100
-93 -91 -90 -88 -85 -82 -79 -78 -77 -77 -74 -73 -66 -65 -64 -61 -60 -59 -58 -57 -57 -57 -54 -52 -50 -47 -46 -45 -45 -44 -43 -41 -39 -38 -38 -37 -36 -32 -31 -29 -23 -18 -15 -15 -14 -14 -14 -12 -10 -8 -7 0 2 3 3 5 6 7 12 13 13 13 21 21 25 28 28 28 28 30 31 33 34 38 38 38 46 48 52 53 53 57 62 62 63 64 67 71 72 78 84 84 86 88 90 93 96 97 98 100 
<< Posortowana tablica | ilosc : 20
-95 -77 -52 -50 -37 -19 -14 4 8 8 30 31 34 48 54 56 66 73 79 91 
